[No 1]
0 6 1 0 3 0 0 2 0
0 5 0 0 0 8 1 0 7
0 0 0 0 0 7 0 3 4

0 0 9 0 0 6 0 7 8
0 0 3 2 0 9 5 0 0
5 7 0 3 0 0 9 0 0

1 9 0 7 0 0 0 0 0
8 0 2 4 0 0 0 6 0
0 4 0 0 1 0 2 5 0

[No 2]
1 0 0 8 3 0 0 0 2
5 7 0 0 0 1 0 0 0
0 0 0 5 0 9 0 6 4

7 0 4 0 0 8 5 9 0
0 0 3 0 1 0 4 0 0
0 5 1 4 0 0 3 0 6

3 6 0 7 0 4 0 0 0
0 0 0 6 0 0 0 7 9
8 0 0 0 5 2 0 0 3

[No 3]
0 3 0 0 0 7 0 0 4
6 0 2 0 4 1 0 0 0
0 5 0 0 3 0 9 6 7

0 4 0 0 0 3 0 0 6
0 8 7 0 0 0 3 5 0
9 0 0 7 0 0 0 2 0

7 1 8 0 2 0 0 4 0
0 0 0 1 6 0 8 0 9
4 0 0 5 0 0 0 3 0

[No 4]
0 8 5 0 0 0 2 1 0
0 9 4 0 1 2 0 0 3
0 0 0 3 0 0 7 0 4

5 0 3 4 0 9 0 0 0
0 4 0 2 0 6 0 3 0
0 0 0 1 0 3 9 0 7

6 0 8 0 0 5 0 0 0
1 0 0 8 4 0 3 6 0
0 2 7 0 0 0 8 9 0

[No 5]
0 0 7 0 0 0 9 0 0
2 0 0 5 0 7 0 0 6
0 8 0 1 0 4 0 7 0

0 4 0 0 1 0 0 3 0
6 0 1 0 0 0 8 0 9
0 9 0 0 8 0 0 6 0

0 5 0 8 0 9 0 1 0
1 0 0 6 0 3 0 0 2
0 0 6 0 0 0 3 0 0

[No 6]
0 7 0 1 0 3 0 6 0
0 5 0 0 0 0 0 7 0
3 0 0 0 5 0 0 0 1

5 0 0 3 0 4 0 0 8
4 0 7 0 0 0 1 0 2
9 0 0 7 0 2 0 0 4

2 0 0 0 7 0 0 0 3
0 3 0 0 0 0 0 4 0
0 6 0 5 0 9 0 2 0

[No 7]
0 0 0 0 1 3 4 0 0
0 8 0 0 0 6 9 5 0
6 5 0 0 0 0 0 0 0

9 6 0 2 0 1 0 0 0
1 0 0 0 7 0 0 0 2
0 0 0 3 0 4 0 1 6

0 0 0 0 0 0 0 7 9
0 2 5 8 0 0 0 4 0
0 0 9 7 6 0 0 0 0

[No 8]
0 0 1 0 9 0 2 7 0
0 0 9 0 0 2 0 5 0
2 0 0 0 0 3 0 0 0

3 0 0 0 1 4 0 0 2
0 8 0 0 0 0 0 4 0
1 0 0 2 8 0 0 0 5

0 0 0 9 0 0 0 0 7
0 1 0 3 0 0 9 0 0
0 4 6 0 7 0 5 0 0

[No 9]
0 0 0 4 0 9 0 0 0
0 8 0 0 2 0 7 0 0
0 2 0 5 0 7 1 0 6

3 0 0 8 0 0 0 6 0
7 6 0 0 0 0 0 3 1
0 1 0 0 0 6 0 0 2

2 0 5 9 0 8 0 4 0
0 0 9 0 7 0 0 1 0
0 0 0 6 0 5 0 0 0

[No 10]
0 0 0 0 0 0 9 4 5
0 0 6 0 0 0 0 0 0
5 2 0 1 0 3 8 0 7

0 9 0 3 1 0 0 0 0
0 0 3 0 8 0 1 0 0
0 0 0 0 4 6 0 2 0

7 0 5 2 0 8 0 1 9
0 0 0 0 0 0 3 0 0
8 6 1 0 0 0 0 0 0

[No 11]
2 0 0 7 0 0 0 5 0
0 0 0 0 4 8 0 0 6
0 0 0 0 0 2 3 0 9

9 0 0 6 0 0 2 4 0
0 7 0 0 2 0 0 8 0
0 2 5 0 0 1 0 0 3

8 0 4 9 0 0 0 0 0
6 0 0 4 8 0 0 0 0
0 9 0 0 0 3 0 0 8

[No 12]
0 6 5 0 0 0 3 0 0
2 0 0 0 6 7 9 0 0
0 4 0 3 0 0 0 0 1

0 0 6 0 5 0 0 0 4
0 0 0 4 0 2 0 0 0
7 0 0 0 8 0 1 0 0

6 0 0 0 0 4 0 1 0
0 0 8 5 7 0 0 0 6
0 0 1 0 0 0 8 3 0

[No 13]
0 2 7 9 0 0 0 0 0
0 5 0 0 0 2 0 8 4
0 0 8 0 0 0 2 0 7

0 7 0 0 3 0 0 0 6
0 0 0 8 1 7 0 0 0
3 0 0 0 4 0 0 2 0

1 0 6 0 0 0 8 0 0
2 4 0 6 0 0 0 1 0
0 0 0 0 0 5 6 4 0

[No 14]
9 0 0 2 7 8 1 0 0
0 0 1 0 3 0 2 4 9
0 0 3 0 0 0 0 0 0

0 3 0 8 0 0 4 0 0
0 0 7 0 0 0 5 0 0
0 0 0 0 0 4 0 3 0

0 0 0 0 0 0 3 0 0
5 7 8 0 4 0 9 0 0
0 0 4 5 1 6 0 0 7

[No 15]
0 0 6 0 0 7 0 0 9
8 0 0 0 3 0 1 0 0
9 0 0 6 0 5 0 3 0

0 0 3 0 0 0 0 1 8
0 0 0 9 0 1 0 0 0
2 1 0 0 0 0 6 0 0

0 6 0 7 0 3 0 0 1
0 0 9 0 2 0 0 0 4
7 0 0 8 0 0 5 0 0

[No 16]
4 7 0 1 0 8 0 2 9
0 0 0 0 0 0 0 0 0
0 0 6 9 2 7 1 0 0

0 9 0 6 0 1 0 3 0
3 0 0 0 0 0 0 0 4
0 4 0 7 0 9 0 8 0

0 0 4 8 7 5 3 0 0
0 0 0 0 0 0 0 0 0
5 8 0 4 0 3 0 9 7

[No 17]
0 5 0 8 0 1 0 9 0 
7 3 0 0 0 0 0 5 4 
8 0 0 0 3 0 0 0 1 

0 0 8 3 0 2 1 0 0 
0 0 0 0 0 0 0 0 0 
0 0 6 7 0 4 5 0 0 

1 0 0 0 5 0 0 0 9 
3 8 0 0 0 0 0 1 2 
0 4 0 6 0 8 0 3 0 

[No 18]
6 5 3 0 0 0 7 0 0 
0 0 0 0 0 9 0 0 0 
8 0 4 0 5 0 0 0 3 

9 0 0 0 1 7 3 0 0 
0 0 5 0 3 0 8 0 0 
0 0 7 2 9 0 0 0 5 

4 0 0 0 7 0 2 0 6 
0 0 0 8 0 0 0 0 0 
0 0 6 0 0 0 1 5 7 

[No 19]
0 1 0 0 0 0 0 6 0 
3 0 0 0 0 0 0 0 9 
2 5 0 4 0 0 3 0 0 

4 7 0 3 1 0 0 0 0 
0 2 0 0 7 0 0 4 0 
0 0 0 0 4 6 0 7 8 

0 0 3 0 0 8 0 5 7 
8 0 0 0 0 0 0 0 4 
0 6 0 0 0 0 0 1 0 

[No 20]
0 2 4 8 6 1 0 0 0 
1 7 0 0 2 0 0 0 5 
0 0 0 0 0 0 0 0 0 

7 0 1 0 0 3 0 8 0 
9 0 0 0 5 0 0 0 4 
0 8 0 9 0 0 5 0 1 

0 0 0 0 0 0 0 0 0 
3 0 0 0 8 0 0 1 7 
0 0 0 6 9 2 4 5 0 

[No 21]
0 0 1 3 0 9 7 0 0 
7 0 0 0 0 0 0 0 6 
5 6 0 0 0 0 0 1 8 

0 4 0 6 9 3 0 7 0 
0 0 0 0 5 0 0 0 0 
0 7 0 4 8 2 0 5 0 

6 3 0 0 0 0 0 8 1 
2 0 0 0 0 0 0 0 9 
0 0 4 9 0 1 3 0 0 

[No 22]
0 0 8 6 0 0 0 0 2 
3 9 0 0 0 2 0 0 0 
0 0 4 3 7 0 0 0 0 

0 0 3 0 0 0 8 1 0 
6 0 2 0 1 0 3 0 4 
0 1 5 0 0 0 2 0 0 

0 0 0 0 6 3 7 0 0 
0 0 0 5 0 0 0 4 9 
2 0 0 0 0 8 1 0 0 

[No 23]
1 0 0 9 0 0 6 7 0 
0 0 0 4 0 0 0 1 3 
0 9 0 0 2 0 0 0 0 

0 0 0 5 7 2 0 3 0 
3 0 0 0 0 0 0 0 5 
0 2 0 3 9 4 0 0 0 

0 0 0 0 4 0 0 2 0 
2 6 0 0 0 5 0 0 0 
0 8 5 0 0 3 0 0 9 

[No 24]
0 0 0 0 0 0 0 0 4 
0 2 8 7 5 0 0 3 0 
0 3 1 0 0 2 0 0 0 

6 5 0 2 3 7 0 0 0 
0 0 0 0 9 0 0 0 0 
0 0 0 6 8 1 0 5 9 

0 0 0 9 0 0 8 6 0 
0 9 0 0 2 4 3 1 0 
5 0 0 0 0 0 0 0 0 

[No 25]
0 0 0 0 5 0 0 0 0 
0 6 0 4 0 9 0 1 0 
1 7 0 0 0 0 0 9 4 

0 8 6 0 0 0 5 4 0 
4 0 0 7 0 3 0 0 8 
0 2 1 0 0 0 6 7 0 

2 4 0 0 0 0 0 8 7 
0 1 0 9 0 4 0 3 0 
0 0 0 0 3 0 0 0 0 

[No 26]
6 4 5 9 0 0 0 0 3 
7 0 0 0 0 0 0 0 0 
0 3 0 0 0 6 8 0 4 

0 0 0 0 5 0 0 3 9 
1 0 0 3 0 7 0 0 2 
4 2 0 0 9 0 0 0 0 

2 0 4 8 0 0 0 9 0 
0 0 0 0 0 0 0 0 5 
5 0 0 0 0 9 4 1 6 

[No 27]
0 0 5 0 0 0 0 0 6 
4 0 0 2 0 9 0 0 0 
3 7 0 0 6 0 0 0 8 

0 4 0 0 0 6 0 0 7 
0 8 0 0 5 0 0 2 0 
1 0 0 3 0 0 0 9 0 

5 0 0 0 8 0 0 3 2 
0 0 0 9 0 7 0 0 1 
6 0 0 0 0 0 7 0 0 

[No 28]
0 0 0 0 9 0 0 3 0 
0 0 0 8 6 0 1 2 0 
0 0 0 3 4 2 8 6 0 

0 0 7 0 0 0 2 0 5 
0 0 8 0 0 0 6 0 0 
2 0 1 0 0 0 4 0 0 

0 3 5 2 7 6 0 0 0 
0 1 6 0 8 4 0 0 0 
0 2 0 0 5 0 0 0 0 

[No 29]
0 5 2 0 8 3 9 4 0 
0 0 0 0 0 0 0 0 0 
1 4 0 0 0 7 3 2 0 

0 0 8 0 0 9 0 0 0 
0 3 9 0 0 0 7 6 0 
0 0 0 7 0 0 5 0 0 

0 6 7 5 0 0 0 9 1 
0 0 0 0 0 0 0 0 0 
0 1 4 6 7 0 8 3 0 

[No 30]
0 0 0 0 0 0 0 0 3 
0 0 0 5 9 0 4 0 0 
8 2 0 0 0 4 6 0 5 

0 0 6 0 0 5 2 0 0 
5 0 0 1 0 6 0 0 9 
0 0 1 2 0 0 3 0 0 

1 0 8 9 0 0 0 4 7 
0 0 7 0 8 3 0 0 0 
2 0 0 0 0 0 0 0 0 

[No 31]
0 0 0 1 0 0 2 6 0 
7 0 0 0 3 0 0 0 0 
3 0 2 0 8 0 4 0 0 

0 0 0 4 0 8 0 0 1 
0 3 5 0 0 0 9 4 0 
2 0 0 3 0 5 0 0 0 

0 0 6 0 5 0 7 0 9 
0 0 0 0 4 0 0 0 8 
0 5 7 0 0 9 0 0 0 

[No 32]
0 0 8 0 9 0 0 0 0 
0 7 0 0 0 0 2 8 0 
0 6 4 1 0 0 3 0 9 

0 0 0 8 0 5 9 0 0 
5 0 0 0 0 0 0 0 1 
0 0 9 3 0 4 0 0 0 

8 0 2 0 0 7 5 6 0 
0 9 7 0 0 0 0 1 0 
0 0 0 0 6 0 7 0 0 

[No 33]
0 0 0 7 0 2 0 0 0 
1 0 0 0 4 0 0 0 7 
6 5 0 0 0 0 0 9 4 

4 7 0 8 0 1 0 6 2 
0 0 0 0 0 0 0 0 0 
5 8 0 2 0 9 0 1 3 

8 6 0 0 0 0 0 7 5 
9 0 0 0 6 0 0 0 8 
0 0 0 9 0 8 0 0 0 

[No 34]
0 0 7 2 3 8 0 0 0 
0 6 0 7 0 0 0 5 0 
0 0 0 4 0 0 0 0 2 

9 0 0 0 0 0 8 6 7 
1 0 0 0 0 0 0 0 3 
6 4 8 0 0 0 0 0 5 

7 0 0 0 0 3 0 0 0 
0 2 0 0 0 5 0 3 0 
0 0 0 1 7 4 9 0 0 

[No 35]
5 0 7 0 0 0 0 0 9 
0 8 0 0 0 2 1 7 0 
0 1 0 0 6 0 0 0 4 

0 9 0 0 3 0 0 0 0 
0 0 1 7 0 9 3 0 0 
0 0 0 0 4 0 0 6 0 

8 0 0 0 5 0 0 2 0 
0 7 6 2 0 0 0 9 0 
4 0 0 0 0 0 6 0 8 

[No 36]
0 0 9 7 0 0 0 0 0 
5 0 0 0 0 2 7 0 9 
8 0 0 0 1 0 0 0 6 

0 0 1 6 0 0 4 0 5 
0 0 0 0 4 0 0 0 0 
7 0 6 0 0 8 2 0 0 

4 0 0 0 9 0 0 0 8 
6 0 2 3 0 0 0 0 4 
0 0 0 0 0 7 9 0 0 

[No 37]
0 0 9 0 0 0 0 6 4 
4 0 0 0 0 0 0 0 0 
1 0 0 3 6 0 0 7 2 

0 0 4 6 0 0 0 0 9 
0 0 0 9 0 3 0 0 0 
2 0 0 0 0 5 4 0 0 

9 2 0 0 5 7 0 0 8 
0 0 0 0 0 0 0 0 5 
3 4 0 0 0 0 6 0 0 

[No 38]
0 3 0 0 0 8 0 0 5 
0 0 5 0 0 0 8 0 7 
0 0 0 0 4 0 9 0 0 

0 0 0 3 9 0 4 0 0 
0 5 9 0 7 0 2 1 0 
0 0 2 0 6 5 0 0 0 

0 0 7 0 5 0 0 0 0 
5 0 1 0 0 0 7 0 0 
6 0 0 9 0 0 0 2 0 

[No 39]
3 0 2 7 0 0 0 0 9 
0 0 8 0 0 0 0 4 5 
0 0 4 0 0 1 3 0 0 

0 0 0 0 5 9 0 0 0 
0 9 0 0 3 0 0 6 0 
0 0 0 2 6 0 0 0 0 

0 0 1 4 0 0 2 0 0 
2 6 0 0 0 0 1 0 0 
4 0 0 0 0 2 5 0 3 

[No 40]
0 9 5 0 0 8 0 0 0 
0 0 2 0 0 6 7 0 0 
0 4 0 0 0 0 0 0 5 

0 5 0 0 2 0 0 0 7 
0 6 0 0 5 0 0 2 0 
4 0 0 0 7 0 0 8 0 

2 0 0 0 0 0 0 4 0 
0 0 6 1 0 0 3 0 0 
0 0 0 3 0 0 2 5 0 

[No 41]
0 0 3 0 0 0 4 0 0 
0 0 7 2 0 8 5 0 0 
8 0 0 0 3 0 0 0 7 

2 0 0 7 0 3 0 0 4 
0 0 5 0 0 0 8 0 0 
7 0 0 5 0 1 0 0 9 

1 0 0 0 4 0 0 0 2 
0 0 6 8 0 9 7 0 0 
0 0 4 0 0 0 9 0 0 

[No 42]
0 0 0 0 0 9 7 5 2 
0 9 0 0 0 0 0 0 0 
1 4 0 8 0 0 0 0 9 

0 0 9 5 0 2 0 0 6 
0 0 0 3 0 8 0 0 0 
7 0 0 1 0 4 5 0 0 

6 0 0 0 0 3 0 2 5 
0 0 0 0 0 0 0 1 0 
5 2 4 6 0 0 0 0 0 

[No 43]
1 2 0 0 0 0 0 0 8 
0 0 6 0 0 9 0 4 0 
0 0 0 0 0 5 0 0 6 

0 5 0 0 7 0 3 1 0 
0 0 0 5 0 4 0 0 0 
0 7 2 0 3 0 0 6 0 

6 0 0 7 0 0 0 0 0 
0 4 0 6 0 0 5 0 0 
9 0 0 0 0 0 0 3 7 

[No 44]
2 0 0 0 0 0 0 0 7 
0 0 7 6 1 0 0 0 0 
0 0 9 0 0 7 2 6 0 

0 0 4 0 6 0 0 7 0 
0 5 0 4 0 9 0 3 0 
0 2 0 0 7 0 5 0 0 

0 8 6 7 0 0 9 0 0 
0 0 0 0 8 4 3 0 0 
4 0 0 0 0 0 0 0 8 

[No 45]
0 0 0 0 0 0 0 0 0 
5 0 0 0 0 9 0 6 2 
8 7 0 0 5 0 0 3 0 

1 0 0 0 4 0 5 2 0 
3 0 0 9 0 6 0 0 1 
0 8 4 0 2 0 0 0 3 

0 1 0 0 6 0 0 4 7 
7 4 0 8 0 0 0 0 9 
0 0 0 0 0 0 0 0 0 

[No 46]
4 8 0 6 0 0 1 3 0 
0 0 0 8 0 0 0 0 7 
2 0 0 9 0 5 6 0 0 

1 0 0 0 0 7 8 0 0 
0 0 0 0 0 0 0 0 0 
0 0 2 3 0 0 0 0 1 

0 0 4 2 0 9 0 0 5 
9 0 0 0 0 1 0 0 0 
0 2 3 0 0 6 0 1 8 

[No 47]
6 0 0 0 9 0 1 8 0 
0 3 0 0 0 6 7 0 0 
7 0 0 0 0 0 0 2 0 

5 0 0 0 2 4 0 0 0 
0 0 0 6 0 3 0 0 0 
0 0 0 9 8 0 0 0 7 

0 2 0 0 0 0 0 0 8 
0 0 9 1 0 0 0 7 0 
0 8 7 0 5 0 0 0 9 

[No 48]
8 5 0 1 0 0 3 0 0 
3 0 0 0 0 0 0 0 7 
0 4 0 0 0 0 0 2 0 

0 1 0 0 8 0 7 0 0 
9 0 0 3 0 5 0 0 8 
0 0 5 0 2 0 0 9 0 

0 3 0 0 0 0 0 7 0 
5 0 0 0 0 0 0 0 1 
0 0 1 0 0 2 0 6 4 

[No 49]
5 0 1 0 3 0 0 0 7 
0 8 0 0 0 0 0 6 0 
0 0 0 0 0 6 0 0 4 

0 0 3 9 6 1 0 0 0 
8 0 0 5 0 3 0 0 9 
0 0 0 7 2 8 6 0 0 

1 0 0 3 0 0 0 0 0 
0 2 0 0 0 0 0 3 0 
9 0 0 0 7 0 8 0 1 

[No 50]
7 0 0 0 1 0 0 5 4 
0 9 0 0 0 0 0 0 1 
0 0 5 8 0 0 0 6 0 

4 0 0 6 8 0 0 0 0 
1 0 0 0 4 0 0 0 3 
0 0 0 0 3 9 0 0 2 

0 2 0 0 0 6 1 0 0 
3 0 0 0 0 0 0 2 0 
5 7 0 0 2 0 0 0 8 

[No 51]
1 8 0 0 0 0 4 0 0 
0 0 0 8 0 0 0 0 0 
0 0 9 0 3 4 5 0 0 

0 4 0 9 6 0 0 0 0 
5 2 0 0 8 0 0 7 6 
0 0 0 0 5 3 0 1 0 

0 0 2 5 1 0 7 0 0 
0 0 0 0 0 2 0 0 0 
0 0 7 0 0 0 0 9 2 

[No 52]
9 3 0 0 0 0 0 7 6 
5 0 0 4 7 0 0 0 2 
0 0 0 0 9 3 0 0 0 

0 0 9 0 0 0 0 6 0 
0 6 7 0 0 0 1 8 0 
0 2 0 0 0 0 3 0 0 

0 0 0 5 4 0 0 0 0 
2 0 0 0 6 8 0 0 3 
1 4 0 0 0 0 0 2 5 

[No 53]
0 6 0 0 3 0 0 0 0 
0 4 5 9 0 0 0 2 8 
0 0 8 0 0 0 7 3 0 

0 0 0 0 9 0 0 5 0 
9 0 0 8 0 6 0 0 7 
0 8 0 0 5 0 0 0 0 

0 3 6 0 0 0 9 0 0 
4 2 0 0 0 9 3 8 0 
0 0 0 0 2 0 0 1 0 

[No 54]
4 0 0 0 0 0 0 0 5 
1 0 3 0 0 0 4 0 0 
0 0 0 0 0 3 0 6 0 

3 0 0 5 9 0 2 0 8 
0 0 0 8 0 7 0 0 0 
8 0 9 0 6 1 0 0 7 

0 2 0 4 0 0 0 0 0 
0 0 1 0 0 0 5 0 6 
5 0 0 0 0 0 0 0 9 

[No 55]
5 0 6 4 0 0 1 0 8 
0 0 0 8 0 0 0 0 0 
7 0 9 3 0 0 2 0 4 

0 0 0 0 0 0 3 7 9 
0 0 0 0 0 0 0 0 0 
2 1 3 0 0 0 0 0 0 

8 0 5 0 0 4 7 0 2 
0 0 0 0 0 5 0 0 0 
3 0 1 0 0 2 9 0 6 

[No 56]
8 7 0 0 0 0 0 2 1 
0 0 0 6 8 2 0 0 0 
0 9 0 0 0 0 0 3 0 

0 0 6 7 0 4 3 0 0 
0 0 9 0 0 0 2 0 0 
0 0 8 2 0 3 4 0 0 

0 6 0 0 0 0 0 9 0 
0 0 0 4 1 9 0 0 0 
9 2 0 0 0 0 0 4 8 

[No 57]
0 0 0 4 0 3 0 0 0 
0 4 0 0 1 0 0 6 0 
2 7 0 0 0 0 0 4 9 

9 0 0 5 0 1 0 0 3 
0 0 7 0 0 0 5 0 0 
8 0 0 2 0 6 0 0 4 

7 6 0 0 0 0 0 3 2 
0 3 0 0 2 0 0 9 0 
0 0 0 3 0 4 0 0 0 

[No 58]
3 0 0 0 0 0 0 0 8 
0 0 0 2 4 1 0 0 0 
7 0 6 0 0 0 9 0 2 

0 5 0 4 0 6 0 3 0 
0 0 8 0 0 0 7 0 0 
0 9 0 1 0 8 0 5 0 

9 0 2 0 0 0 4 0 3 
0 0 0 3 2 4 0 0 0 
4 0 0 0 0 0 0 0 7 

[No 59]
0 0 0 0 0 6 2 0 0 
3 0 0 0 2 0 8 9 0 
0 1 0 7 0 0 0 3 0 

0 5 3 0 0 0 0 6 0 
0 0 2 0 0 0 1 0 0 
0 8 0 0 0 0 9 4 0 

0 3 0 0 0 1 0 8 0 
0 2 7 0 3 0 0 0 6 
0 0 9 8 0 0 0 0 0 

[No 60]
3 5 0 2 0 0 0 0 6 
0 0 0 0 3 0 0 0 2 
0 0 0 1 0 6 0 0 0 

0 0 1 0 7 0 5 0 9 
0 8 0 6 0 4 0 7 0 
6 0 7 0 1 0 2 0 0 

0 0 0 4 0 5 0 0 0 
1 0 0 0 6 0 0 0 0 
7 0 0 0 0 1 0 3 8 

[No 61]
0 0 7 0 6 5 0 0 0 
0 0 8 0 0 0 0 4 0 
0 6 0 7 0 0 8 3 0 

6 0 0 0 0 0 0 2 0 
9 7 0 2 0 3 0 6 1 
0 5 0 0 0 0 0 0 8 

0 2 3 0 0 7 0 8 0 
0 9 0 0 0 0 2 0 0 
0 0 0 1 2 0 9 0 0 

[No 62]
3 9 0 2 0 0 8 0 0 
0 0 0 7 0 0 0 2 9 
7 0 0 3 0 0 0 5 0 

0 0 0 0 0 0 9 3 0 
0 0 0 4 1 2 0 0 0 
0 5 6 0 0 0 0 0 0 

0 7 0 0 0 4 0 0 2 
4 1 0 0 0 6 0 0 0 
0 0 3 0 0 7 0 8 4 

[No 63]
2 0 0 9 0 6 0 0 1 
0 1 0 0 0 0 0 4 0 
0 0 4 0 0 0 8 0 0 

3 0 0 4 0 7 0 0 4 
0 2 9 0 0 0 3 5 0 
8 0 0 5 0 3 0 0 6 

0 0 7 0 0 0 6 0 0 
0 3 0 0 0 0 0 8 0 
1 0 0 7 0 2 0 0 3 

[No 64]
0 0 0 0 0 0 0 0 0 
2 6 0 0 0 0 0 7 1 
0 1 0 5 0 9 0 8 0 

0 0 3 4 0 2 1 0 0 
0 0 0 3 0 8 0 0 0 
0 0 1 6 0 7 9 0 0 

0 3 0 2 0 5 0 4 0 
8 5 0 0 0 0 0 6 2 
0 0 0 0 0 0 0 0 0 

[No 65]
0 5 0 0 9 6 0 0 0 
0 0 0 0 0 0 0 0 4 
0 0 1 0 8 3 5 0 0 

9 0 8 0 0 0 0 0 0 
2 0 6 0 5 0 1 0 9 
0 0 0 0 0 0 4 0 6 

0 0 4 1 6 0 2 0 0 
1 0 0 0 0 0 0 0 0 
0 0 0 2 7 0 0 6 0 

[No 66]
0 0 0 9 1 8 0 0 6 
3 8 6 7 0 0 0 0 0 
0 0 2 0 0 0 0 0 0 

0 0 4 3 0 0 0 7 0 
0 6 0 0 7 0 0 5 0 
0 1 0 0 0 4 8 0 0 

0 0 0 0 0 0 7 0 0 
0 0 0 0 0 7 6 4 9 
9 0 0 4 3 6 0 0 0 

[No 67]
0 6 0 2 0 1 0 9 0 
0 0 9 0 0 0 5 0 0 
1 2 0 0 0 0 0 6 8 

7 0 0 4 0 3 0 0 2 
0 0 0 0 0 0 0 0 0 
3 0 0 8 0 6 0 0 4 

4 9 0 0 0 0 0 8 6 
0 0 8 0 0 0 2 0 0 
0 1 0 7 0 8 0 4 0 

[No 68]
0 0 2 5 7 8 0 0 0 
0 0 0 0 0 1 8 0 0 
0 6 0 0 0 0 0 0 2 

1 5 0 2 0 6 0 0 9 
8 0 0 0 0 0 0 0 1 
3 0 0 1 0 7 0 8 4 

2 0 0 0 0 0 0 7 0 
0 0 5 9 0 0 0 0 0 
0 0 0 7 1 4 2 0 0 

[No 69]
5 7 0 0 0 0 0 0 0 
0 0 0 0 1 3 0 0 0 
4 0 0 0 0 7 5 8 0 

6 0 0 0 0 0 0 3 0 
0 0 0 9 8 4 0 0 0 
0 2 0 0 0 0 0 0 7 

0 8 1 2 0 0 0 0 9 
0 0 0 1 3 0 0 0 0 
0 0 0 0 0 0 0 5 4 

[No 70]
0 5 0 0 6 0 0 0 0 
1 2 0 8 0 0 0 0 0 
0 0 9 7 0 0 6 0 0 

0 7 0 0 0 3 0 0 0 
5 9 0 0 0 0 0 7 2 
0 0 0 4 0 0 0 5 0 

0 0 3 0 0 1 5 0 0 
0 0 0 0 0 6 0 1 7 
0 0 0 0 2 0 0 3 0 

[No 71]
0 4 2 0 0 0 1 8 0 
0 0 0 0 8 0 0 4 3 
0 0 0 5 1 0 0 0 0 

0 0 0 0 0 7 4 0 0 
9 3 0 0 0 0 0 5 2 
0 0 7 1 0 0 0 0 0 

0 0 0 0 4 2 0 0 0 
1 7 0 0 5 0 0 0 0 
0 2 9 0 0 0 3 6 0 

[No 72]
4 0 0 1 0 3 0 0 9 
0 0 2 8 0 6 3 0 0 
1 0 0 0 0 0 0 0 8 

0 1 0 0 5 0 0 3 0 
2 0 0 0 7 0 0 0 5 
0 7 0 0 6 0 0 2 0 

6 0 0 0 0 0 0 0 3 
0 0 1 6 0 5 9 0 0 
5 0 0 7 0 2 0 0 4 

[No 73]
9 0 0 2 0 0 0 0 0 
8 0 0 3 0 0 0 0 4 
0 3 5 9 0 6 0 0 0 

0 0 0 0 0 0 8 7 0 
0 6 0 0 0 0 0 3 0 
0 5 7 0 0 0 0 0 0 

0 0 0 8 0 3 6 4 0 
3 0 0 0 0 2 0 0 5 
0 0 0 0 0 1 0 0 2 

[No 74]
0 2 0 0 0 0 5 0 0 
8 0 6 7 0 0 0 2 4 
0 0 5 0 6 0 0 0 0 

0 0 2 4 0 0 0 7 0 
0 0 0 6 0 5 0 0 0 
0 9 0 0 0 8 1 0 0 

0 0 0 0 2 0 7 0 0 
5 7 0 0 0 3 2 0 9 
0 0 1 0 0 0 0 3 0 

[No 75]
0 0 0 0 0 8 0 0 7 
8 1 7 0 0 2 0 0 0 
0 0 0 0 5 0 0 1 4 

7 0 2 0 9 0 1 0 5 
0 0 0 0 0 0 0 0 0 
5 0 8 0 7 0 3 0 2 

3 7 0 0 8 0 0 0 0 
0 0 0 4 0 0 9 7 3 
4 0 0 5 0 0 0 0 0 

[No 76]
0 1 0 0 0 8 4 0 7 
9 5 0 0 0 0 0 0 0 
0 0 8 0 1 0 0 0 0 

0 8 2 0 0 0 0 0 0 
7 0 0 4 0 6 0 0 8 
0 0 0 0 0 0 6 2 0 

0 0 0 0 5 0 7 0 0 
0 0 0 0 0 0 0 8 2 
5 0 3 2 0 0 0 1 0 

[No 77]
7 5 0 0 9 0 0 4 6 
9 0 1 0 0 0 3 0 2 
0 0 0 0 0 0 0 0 0 

2 0 0 6 0 1 0 0 7 
0 8 0 0 0 0 0 2 0 
1 0 0 3 0 8 0 0 5 

0 0 0 0 0 0 0 0 0 
3 0 9 0 0 0 2 0 4 
8 4 0 0 3 0 0 7 9 

[No 78]
0 0 0 8 9 0 0 2 0 
0 0 9 0 0 5 0 0 7 
0 5 0 0 0 0 3 0 0 

0 9 3 5 0 0 1 0 0 
0 0 0 1 0 7 0 0 0 
0 0 1 0 0 6 8 4 0 

0 0 8 0 0 0 0 6 0 
9 0 0 6 0 0 4 0 0 
0 1 0 0 2 8 0 0 0 

[No 79]
0 8 0 7 9 0 0 0 0 
0 0 0 0 0 2 0 9 0 
0 0 3 0 0 8 4 5 0 

0 0 8 0 0 0 0 0 1 
0 9 6 0 0 0 3 7 0 
3 0 0 0 0 0 2 0 0 

0 3 2 5 0 0 9 0 0 
0 4 0 8 0 0 0 0 0 
0 0 0 0 6 4 0 2 0 

[No 80]
0 0 0 4 0 0 0 0 2 
0 0 4 0 1 2 0 0 9 
0 7 0 0 0 8 0 0 0 

0 2 0 0 9 0 1 7 0 
0 0 0 0 8 0 0 0 0 
0 6 1 0 5 0 0 4 0 

0 0 0 9 0 0 0 5 0 
6 0 0 1 2 0 3 0 0 
1 0 0 0 0 3 0 0 0 

[No 81]
1 0 0 0 3 4 0 0 9 
7 4 0 0 0 0 0 0 0 
0 0 0 0 8 0 2 0 0 

0 9 0 7 2 0 1 5 0 
0 0 0 0 0 0 0 0 0 
0 1 7 0 9 3 0 2 0 

0 0 3 0 5 0 0 0 0 
0 0 0 0 0 0 0 9 6 
6 0 0 9 7 0 0 0 5 

[No 82]
0 6 0 0 0 0 0 2 7 
0 0 0 5 1 0 0 0 0 
7 0 0 8 0 0 0 0 9 

5 4 0 0 7 0 0 0 0 
0 0 0 4 0 8 0 0 0 
0 0 0 0 3 0 0 8 2 

3 0 0 0 0 2 0 0 1 
0 0 0 0 6 3 0 0 0 
6 9 0 0 0 0 0 3 0 

[No 83]
0 0 0 3 4 0 0 0 0 
2 0 0 0 0 0 4 0 7 
0 7 0 0 0 8 0 0 5 

0 0 3 0 0 1 0 0 2 
0 0 9 0 6 0 8 0 0 
7 0 0 2 0 0 3 0 0 

5 0 0 6 0 0 0 1 0 
1 0 2 0 0 0 0 0 9 
0 0 0 0 1 4 0 0 0 

[No 84]
0 8 0 0 0 0 0 2 0 
0 0 1 0 0 0 6 0 0 
2 0 0 0 5 0 0 0 3 

0 0 6 5 0 1 2 0 0 
7 0 0 6 0 4 0 0 9 
0 0 4 7 0 9 3 0 0 

6 0 0 0 1 0 0 0 5 
0 0 7 0 0 0 9 0 0 
0 4 0 0 0 0 0 3 0 

[No 85]
0 1 9 2 0 0 5 0 0 
7 0 0 0 8 0 3 0 0 
0 4 0 5 0 0 0 0 0 

3 0 0 0 0 0 0 0 0 
0 2 0 1 0 7 0 8 0 
0 0 0 0 0 0 0 0 1 

0 0 0 0 0 4 0 5 0 
0 0 5 0 1 0 0 0 6 
0 0 2 0 0 6 7 9 0 

[No 86]
0 9 0 5 6 8 0 2 0 
0 0 0 0 0 0 0 0 0 
0 5 6 0 0 0 7 9 0 

3 0 0 4 0 9 0 0 7 
0 0 0 0 0 0 0 0 0 
4 0 0 2 0 1 0 0 8 

0 7 4 0 0 0 5 1 0 
0 0 0 0 0 0 0 0 0 
0 2 0 1 3 4 0 7 0 

[No 87]
1 0 0 0 0 0 0 0 4 
2 4 5 0 0 0 7 0 8 
0 3 0 5 0 0 0 0 0 

9 0 0 0 0 3 1 0 0 
0 0 0 8 0 7 0 0 0 
0 0 7 6 0 0 0 0 2 

0 0 0 0 0 9 0 4 0 
4 0 2 0 0 0 6 5 3 
3 0 0 0 0 0 0 0 9 

[No 88]
0 0 1 4 0 0 0 0 0 
0 0 0 0 7 8 6 0 1 
0 0 0 0 5 0 9 0 0 

0 8 0 0 0 0 0 2 3 
0 1 3 0 0 0 5 6 0 
9 5 0 0 0 0 0 7 0 

0 0 5 0 4 0 0 0 0 
3 0 9 1 8 0 0 0 0 
0 0 0 0 0 7 3 0 0 

[No 89]
1 0 0 0 0 0 0 0 9 
0 6 0 8 0 7 0 5 0 
0 0 7 0 0 0 2 0 0 

2 1 0 0 5 0 0 9 3 
0 0 0 4 0 8 0 0 0 
4 3 0 0 2 0 0 8 7 

0 0 1 0 0 0 9 0 0 
0 5 0 6 0 9 0 4 0 
6 0 0 0 0 0 0 0 8 

[No 90]
0 0 0 0 8 0 0 2 0 
4 0 0 0 0 7 9 0 0 
8 0 3 4 0 0 0 0 0 

0 0 0 0 0 5 0 0 1 
9 4 0 0 1 0 0 5 2 
5 0 0 3 0 0 0 0 0 

0 0 0 0 0 9 7 0 3 
0 0 9 8 0 0 0 0 4 
0 3 0 0 6 0 0 0 0 

[No 91]
4 0 0 0 0 0 1 0 0 
0 0 2 6 0 0 4 0 0 
6 7 0 0 0 0 0 9 2 

0 2 0 0 0 4 0 0 0 
0 1 0 7 0 9 0 6 0 
0 0 0 3 0 0 0 2 0 

1 3 0 0 0 0 0 7 9 
0 0 7 0 0 5 3 0 0 
0 0 8 0 0 0 0 0 1 

[No 92]
0 0 9 0 0 0 0 0 2 
0 0 0 3 1 0 8 0 0 
2 0 8 6 0 0 0 0 0 

0 5 0 0 2 0 0 0 1 
0 0 0 4 0 8 0 0 0 
6 0 0 0 9 0 0 4 0 

0 0 0 0 0 6 4 0 3 
0 0 7 0 8 5 0 0 0 
1 0 0 0 0 0 2 0 0 

[No 93]
0 0 0 0 0 2 9 0 0 
0 0 8 0 4 0 0 7 0 
0 0 0 6 0 7 0 3 0 

0 4 0 0 0 0 0 5 0 
0 5 3 8 0 9 2 6 0 
0 1 0 0 0 0 0 9 0 

0 3 0 2 0 4 0 0 0 
0 7 0 0 5 0 6 0 0 
0 0 5 7 0 0 0 0 0 

[No 94]
0 5 0 0 3 0 0 0 0 
0 0 1 6 0 0 9 0 8 
3 4 0 7 0 1 0 0 0 

0 0 0 0 0 7 0 0 5 
0 9 0 0 0 0 0 8 0 
7 0 0 2 0 0 0 0 0 

0 0 0 3 0 9 0 6 1 
6 0 4 0 0 8 3 0 0 
0 0 0 0 6 0 0 7 0 

[No 95]
8 0 0 0 4 0 1 0 3 
0 0 0 5 0 0 7 0 0 
1 3 0 0 0 0 0 0 0 

0 0 0 2 0 6 0 8 0 
5 0 0 0 0 0 0 0 4 
0 2 0 4 0 7 0 0 0 

0 0 0 0 0 0 0 3 1 
0 0 2 0 0 4 0 0 0 
6 0 4 0 7 0 0 0 5 

[No 96]
0 0 7 3 0 0 2 0 0 
3 0 0 0 0 0 0 0 1 
8 0 0 6 2 0 0 0 0 

0 7 3 4 0 0 0 0 5 
0 0 0 0 0 0 0 0 0 
5 0 0 0 0 8 4 9 0 

0 0 0 0 6 7 0 0 4 
2 0 0 0 0 0 0 0 6 
0 0 9 0 0 4 3 0 0 

[No 97]
0 3 0 0 0 0 7 4 0 
0 0 0 0 0 0 0 8 0 
0 0 0 4 8 5 6 2 0 

2 0 0 0 0 9 0 0 0 
0 6 0 1 0 4 0 3 0 
0 0 0 8 0 0 0 0 9 

0 9 6 7 3 1 0 0 0 
0 2 0 0 0 0 0 0 0 
0 1 7 0 0 0 0 6 0 

[No 98]
1 0 0 0 0 0 0 0 0 
0 0 2 3 0 0 0 7 4 
0 0 0 2 0 0 0 8 5 

6 0 0 8 7 0 0 5 0 
0 0 0 9 0 6 0 0 0 
0 9 0 0 2 4 0 0 3 

5 8 0 0 0 2 0 0 0 
9 4 0 0 0 7 8 0 0 
0 0 0 0 0 0 0 0 6 

[No 99]
3 0 0 1 0 0 0 0 4 
0 0 0 0 0 0 0 9 0 
0 0 2 0 0 9 0 3 0 

1 0 0 2 0 0 7 0 0 
0 0 3 0 0 0 8 0 0 
0 0 8 0 0 6 0 0 1 

0 1 0 4 0 0 2 0 0 
0 5 0 0 0 0 0 0 0 
4 0 0 0 0 7 0 0 8 

[No 100]
4 6 0 0 0 1 0 0 0 
0 0 2 0 9 6 0 0 0 
0 3 0 0 0 0 0 6 8 

0 0 0 0 0 0 0 3 7 
0 0 0 6 0 7 0 0 0 
5 1 0 0 0 0 0 0 0 

8 4 0 0 0 0 0 5 0 
0 0 0 7 1 0 9 0 0 
0 0 0 3 0 0 0 2 4 

